
1) f(x) = 3*x-exp(x)  [1,2]

|iter|      | a |      | b |      | p |        | f(p) |    | ABS. ERR. | | REL. ERR. |
   1     1.000000     2.000000     1.500000     0.018311     0.500000     0.333333 
   2     1.500000     2.000000     1.750000    -0.504603     0.250000     0.142857 
   3     1.500000     1.750000     1.625000    -0.203419     0.125000     0.076923 
   4     1.500000     1.625000     1.562500    -0.083233     0.062500     0.040000 
   5     1.500000     1.562500     1.531250    -0.030203     0.031250     0.020408 
   6     1.500000     1.531250     1.515625    -0.005390     0.015625     0.010309 
   7     1.500000     1.515625     1.507812     0.006598     0.007812     0.005181 
   8     1.507812     1.515625     1.511719     0.000638     0.003906     0.002584 
   9     1.511719     1.515625     1.513672    -0.002367     0.001953     0.001290 
  10     1.511719     1.513672     1.512695    -0.000862     0.000977     0.000646 
  11     1.511719     1.512695     1.512207    -0.000111     0.000488     0.000323 
  12     1.511719     1.512207     1.511963     0.000264     0.000244     0.000161 
  13     1.511963     1.512207     1.512085     0.000076     0.000122     0.000081 
  14     1.512085     1.512207     1.512146    -0.000018     0.000061     0.000040 
  15     1.512085     1.512146     1.512115     0.000029     0.000031     0.000020 
  16     1.512115     1.512146     1.512131     0.000006     0.000015     0.000010 
  17     1.512131     1.512146     1.512138    -0.000006     0.000008     0.000005 
Found at 17 iteration f(1.512138) = -0.000006 
The theoritically required iteration is 17 

2) f(x) = 2*x +3*cos(x)-exp(x)  [0,1]

The function doesn't have any root in this interval (0.000,1.000) 

3) f(x) =x*x-4*x+4-log(x) [1,2]

|iter|      | a |      | b |      | p |        | f(p) |    | ABS. ERR. | | REL. ERR. |
   1     1.000000     2.000000     1.500000    -0.155465     0.500000     0.333333 
   2     1.000000     1.500000     1.250000     0.339356     0.250000     0.200000 
   3     1.250000     1.500000     1.375000     0.072171     0.125000     0.090909 
   4     1.375000     1.500000     1.437500    -0.046499     0.062500     0.043478 
   5     1.375000     1.437500     1.406250     0.011612     0.031250     0.022222 
   6     1.406250     1.437500     1.421875    -0.017748     0.015625     0.010989 
   7     1.406250     1.421875     1.414062    -0.003144     0.007812     0.005525 
   8     1.406250     1.414062     1.410156     0.004215     0.003906     0.002770 
   9     1.410156     1.414062     1.412109     0.000531     0.001953     0.001383 
  10     1.412109     1.414062     1.413086    -0.001308     0.000977     0.000691 
  11     1.412109     1.413086     1.412598    -0.000389     0.000488     0.000346 
  12     1.412109     1.412598     1.412354     0.000071     0.000244     0.000173 
  13     1.412354     1.412598     1.412476    -0.000159     0.000122     0.000086 
  14     1.412354     1.412476     1.412415    -0.000044     0.000061     0.000043 
  15     1.412354     1.412415     1.412384     0.000013     0.000031     0.000022 
  16     1.412384     1.412415     1.412399    -0.000015     0.000015     0.000011 
  17     1.412384     1.412399     1.412392    -0.000001     0.000008     0.000005 
Found at 17 iteration f(1.412392) = -0.000001 
The theoritically required iteration is 17 

3) f(x) =x*x-4*x+4-log(x) [2,4]

|iter|      | a |      | b |      | p |        | f(p) |    | ABS. ERR. | | REL. ERR. |
   1     2.000000     4.000000     3.000000    -0.098612     1.000000     0.333333 
   2     3.000000     4.000000     3.500000     0.997237     0.500000     0.142857 
   3     3.000000     3.500000     3.250000     0.383845     0.250000     0.076923 
   4     3.000000     3.250000     3.125000     0.126191     0.125000     0.040000 
   5     3.000000     3.125000     3.062500     0.009675     0.062500     0.020408 
   6     3.000000     3.062500     3.031250    -0.045499     0.031250     0.010309 
   7     3.031250     3.062500     3.046875    -0.018169     0.015625     0.005128 
   8     3.046875     3.062500     3.054688    -0.004312     0.007812     0.002558 
   9     3.054688     3.062500     3.058594     0.002665     0.003906     0.001277 
  10     3.054688     3.058594     3.056641    -0.000827     0.001953     0.000639 
  11     3.056641     3.058594     3.057617     0.000918     0.000977     0.000319 
  12     3.056641     3.057617     3.057129     0.000045     0.000488     0.000160 
  13     3.056641     3.057129     3.056885    -0.000391     0.000244     0.000080 
  14     3.056885     3.057129     3.057007    -0.000173     0.000122     0.000040 
  15     3.057007     3.057129     3.057068    -0.000064     0.000061     0.000020 
  16     3.057068     3.057129     3.057098    -0.000009     0.000031     0.000010 
Found at 16 iteration f(3.057098) = -0.000009 
The theoritically required iteration is 18 

4) f(x) =x+1-2*sin(M_PI*x)   [0,0.5]

|iter|      | a |      | b |      | p |        | f(p) |    | ABS. ERR. | | REL. ERR. |
   1     0.000000     0.500000     0.250000    -0.164214     0.250000     1.000000 
   2     0.000000     0.250000     0.125000     0.359633     0.125000     1.000000 
   3     0.125000     0.250000     0.187500     0.076360     0.062500     0.333333 
   4     0.187500     0.250000     0.218750    -0.050037     0.031250     0.142857 
   5     0.187500     0.218750     0.203125     0.011726     0.015625     0.076923 
   6     0.203125     0.218750     0.210938    -0.019526     0.007812     0.037037 
   7     0.203125     0.210938     0.207031    -0.003991     0.003906     0.018868 
   8     0.203125     0.207031     0.205078     0.003845     0.001953     0.009524 
   9     0.205078     0.207031     0.206055    -0.000079     0.000977     0.004739 
  10     0.205078     0.206055     0.205566     0.001882     0.000488     0.002375 
  11     0.205566     0.206055     0.205811     0.000901     0.000244     0.001186 
  12     0.205811     0.206055     0.205933     0.000411     0.000122     0.000593 
  13     0.205933     0.206055     0.205994     0.000166     0.000061     0.000296 
  14     0.205994     0.206055     0.206024     0.000044     0.000031     0.000148 
  15     0.206024     0.206055     0.206039    -0.000017     0.000015     0.000074 
  16     0.206024     0.206039     0.206032     0.000013     0.000008     0.000037 
  17     0.206032     0.206039     0.206036    -0.000002     0.000004     0.000019 
  18     0.206032     0.206036     0.206034     0.000006     0.000002     0.000009 
Found at 18 iteration f(0.206034) = 0.000006 
The theoritically required iteration is 16 

4) f(x) =x+1-2*sin(M_PI*x)   [0.5,1]

|iter|      | a |      | b |      | p |        | f(p) |    | ABS. ERR. | | REL. ERR. |
   1     0.500000     1.000000     0.750000     0.335786     0.250000     0.333333 
   2     0.500000     0.750000     0.625000    -0.222759     0.125000     0.200000 
   3     0.625000     0.750000     0.687500     0.024561     0.062500     0.090909 
   4     0.625000     0.687500     0.656250    -0.107593     0.031250     0.047619 
   5     0.656250     0.687500     0.671875    -0.043582     0.015625     0.023256 
   6     0.671875     0.687500     0.679688    -0.010020     0.007812     0.011494 
   7     0.679688     0.687500     0.683594     0.007144     0.003906     0.005714 
   8     0.679688     0.683594     0.681641    -0.001469     0.001953     0.002865 
   9     0.681641     0.683594     0.682617     0.002830     0.000977     0.001431 
  10     0.681641     0.682617     0.682129     0.000678     0.000488     0.000716 
  11     0.681641     0.682129     0.681885    -0.000396     0.000244     0.000358 
  12     0.681885     0.682129     0.682007     0.000141     0.000122     0.000179 
  13     0.681885     0.682007     0.681946    -0.000128     0.000061     0.000090 
  14     0.681946     0.682007     0.681976     0.000007     0.000031     0.000045 
  15     0.681946     0.681976     0.681961    -0.000060     0.000015     0.000022 
  16     0.681961     0.681976     0.681969    -0.000027     0.000008     0.000011 
  17     0.681969     0.681976     0.681973    -0.000010     0.000004     0.000006 
Found at 17 iteration f(0.681973) = -0.000010 
The theoritically required iteration is 16 









